19.63142379
19.63142379
19.63142379
19.63142379
19.63142379
19.63142379
19.63142379
19.63142379
19.63142379
19.63142379
19.63142379
19.63142379
18.47688556
18.47688556
18.47688556
18.47688556
18.47688556
18.47688556
18.47688556
18.47688556
18.47688556
18.47688556
18.47688556
18.47688556
18.47688556
18.47688556
11.37151265
11.37151265
11.37151265
11.37151265
11.37151265
11.37151265
11.37151265
11.37151265
11.37151265
11.37151265
11.37151265
11.37151265
11.37151265
11.37151265
11.37151265
8.109728725
8.109728725
8.109728725
8.109728725
8.109728725
8.109728725
8.109728725
8.109728725
8.109728725
8.109728725
