[(99, 0.73, 85.64), (21, 1.12, 85.75), (93, 1.71, 115.46), (72, 2.73, 166.11)]
[(40, 0.94, 63.04), (48, 0.89, 90.45), (74, 1.68, 124.30), (1, 1.23, 130.40), (100, 2.21, 149.31)]
[(91, 0.79, 44.98), (11, 0.97, 47.34), (35, 2.18, 144.76), (89, 1.47, 166.92)]
[(83, 0.93, 30.00), (92, 1.29, 48.73), (38, 1.02, 101.76)]
[(66, 1.03, 86.69), (1, 1.78, 122.57), (98, 2.35, 150.27), (11, 1.59, 175.41)]
[(53, 1.04, 49.23), (95, 0.83, 56.86), (9, 1.48, 103.98)]
[(14, 1.58, 53.46), (78, 0.92, 76.23), (23, 0.86, 83.77)]
[(52, 1.51, 50.77), (28, 0.96, 85.08), (79, 1.56, 93.27), (2, 1.72, 113.79)]
[(59, 1.23, 48.76), (81, 1.01, 59.78), (53, 0.65, 65.90), (75, 1.76, 67.63), (6, 1.49, 71.85), (51, 1.47, 98.41)]
[(83, 1.32, 60.81), (60, 1.29, 63.51), (21, 1.09, 83.24), (96, 2.20, 124.94)]
[(19, 0.96, 40.63), (3, 1.11, 61.29), (76, 0.98, 78.33), (16, 0.66, 80.09), (15, 1.56, 85.72), (25, 1.42, 134.84), (2, 1.52, 161.19)]
[(26, 0.64, 75.89)]
[(37, 0.76, 55.76), (39, 1.10, 68.57), (56, 0.81, 108.40), (26, 1.34, 159.35)]
[(45, 1.22, 53.37), (78, 1.00, 59.58), (96, 1.66, 75.28), (7, 1.39, 86.53)]
[(100, 1.47, 65.97), (19, 1.11, 79.13), (20, 0.63, 82.36), (52, 1.56, 94.44)]
[(33, 1.26, 45.72), (11, 1.04, 82.50), (67, 1.83, 115.62)]
[(55, 1.47, 63.03), (42, 1.42, 88.74), (56, 2.26, 136.39), (85, 2.85, 172.76)]
[(77, 1.06, 61.55), (79, 1.04, 61.99), (24, 1.63, 71.81), (53, 1.35, 74.17), (84, 0.83, 98.49), (74, 0.89, 105.77)]
[(16, 1.23, 33.22), (15, 1.01, 68.85), (39, 1.19, 93.06), (33, 1.41, 94.94), (11, 0.89, 107.79), (14, 2.49, 204.90)]
[(62, 1.10, 61.94), (15, 1.44, 67.71), (86, 0.68, 69.78), (91, 1.74, 98.44), (70, 1.33, 103.92), (78, 2.58, 123.06)]
[(1, 1.11, 62.01), (83, 1.31, 68.66), (13, 1.23, 69.30), (70, 1.22, 102.50), (92, 0.98, 104.92)]
[(40, 0.97, 44.86), (75, 0.73, 69.91), (95, 0.79, 102.49)]
[(78, 0.98, 50.10), (24, 0.60, 71.21), (43, 1.02, 84.02), (7, 0.91, 87.06), (95, 0.84, 94.60)]
[(23, 1.42, 44.90), (75, 0.63, 71.56), (22, 1.43, 81.72), (6, 0.96, 89.66), (95, 1.19, 110.30), (88, 2.22, 147.69)]
[(41, 0.92, 43.08), (38, 1.38, 58.67), (93, 0.97, 67.93), (43, 1.21, 95.64), (8, 1.43, 104.45), (62, 1.08, 109.22), (15, 1.18, 131.69), (36, 2.00, 160.40)]
[(43, 0.77, 51.89), (35, 1.53, 55.20), (12, 1.56, 59.64), (66, 0.83, 91.70)]
[(97, 1.16, 50.05), (98, 1.28, 67.61), (87, 0.99, 68.78), (82, 0.86, 70.88), (28, 2.08, 119.52), (35, 1.67, 131.17), (14, 2.55, 147.71)]
[(32, 0.60, 66.71), (47, 1.60, 67.07), (19, 0.84, 72.33), (8, 0.95, 77.36), (18, 1.43, 82.98), (6, 1.34, 134.63)]
[(69, 1.42, 32.88), (84, 1.54, 50.83), (77, 1.19, 75.51), (8, 1.81, 83.19), (72, 1.59, 100.03)]
[(75, 0.82, 42.82), (95, 1.10, 70.94), (54, 1.60, 78.56), (35, 1.54, 105.92), (7, 1.18, 124.07)]
[(86, 0.92, 47.29), (76, 0.83, 49.86)]
[(28, 1.77, 41.28), (74, 1.31, 83.23), (2, 1.38, 103.39), (6, 2.03, 111.53), (53, 1.24, 124.26)]
[(19, 1.04, 44.66), (16, 1.31, 60.97), (28, 1.41, 64.87), (11, 1.29, 70.91), (65, 0.94, 73.33), (74, 1.79, 115.44)]
[(66, 1.00, 53.64), (2, 1.21, 69.30), (24, 1.46, 81.87), (85, 1.44, 98.18), (7, 0.99, 130.23)]
[(22, 1.18, 62.26), (5, 1.63, 73.98), (26, 0.97, 83.38), (40, 0.71, 85.60), (73, 0.94, 107.31), (21, 1.81, 149.35)]
[(82, 0.83, 38.71)]
[(88, 1.61, 62.86), (13, 1.10, 87.23), (56, 1.05, 95.54), (50, 2.22, 122.58), (22, 1.69, 126.29)]
[(25, 1.68, 44.62), (13, 1.59, 65.73), (58, 1.41, 111.67)]
[(19, 1.67, 59.36), (44, 1.01, 59.64), (83, 1.68, 98.48), (13, 1.01, 99.50), (70, 1.61, 119.46)]
[(80, 1.01, 47.56), (2, 0.88, 52.36), (93, 0.83, 57.21), (35, 0.78, 68.80), (12, 1.11, 78.59), (22, 1.11, 92.88), (54, 1.11, 109.93)]
[(57, 0.80, 56.36), (21, 1.54, 72.53), (77, 1.56, 74.35), (25, 1.11, 76.36), (23, 1.74, 78.16), (1, 1.87, 115.98)]
[(87, 1.34, 41.55), (17, 1.02, 82.98)]
[(26, 1.51, 30.00), (41, 1.47, 44.50), (80, 0.92, 72.01), (35, 1.60, 73.76), (85, 1.00, 76.87), (96, 1.06, 78.06), (73, 1.30, 87.86), (12, 1.34, 88.26), (89, 1.36, 104.09), (93, 1.50, 107.16), (38, 1.67, 128.28)]
[(86, 0.60, 37.67), (39, 0.70, 47.73), (49, 1.56, 103.38), (85, 1.54, 180.76)]
[(14, 0.78, 70.51), (32, 2.65, 162.55)]
[(81, 1.07, 34.84), (69, 0.69, 43.91), (53, 1.53, 59.73), (79, 1.09, 68.66), (84, 0.83, 75.67), (68, 0.96, 90.81), (89, 1.18, 109.25)]
[(62, 1.20, 33.15), (39, 1.73, 47.74), (38, 0.95, 49.36), (49, 1.51, 63.22), (25, 0.83, 70.34), (76, 1.01, 72.11), (70, 1.41, 76.20), (90, 1.78, 91.87), (15, 1.09, 97.01), (44, 1.49, 111.17)]
[(89, 1.18, 63.06), (63, 0.94, 63.44), (80, 1.75, 64.02), (78, 1.28, 72.27), (7, 1.26, 79.52)]
[(86, 1.22, 57.79), (44, 1.35, 72.05), (31, 1.07, 92.79), (82, 2.25, 148.75)]
[(58, 0.78, 45.70), (100, 0.54, 50.35), (56, 1.36, 137.68), (75, 2.42, 187.31)]
[(81, 0.64, 45.95), (69, 0.54, 88.43), (9, 0.97, 98.01), (52, 2.07, 144.58)]
[(8, 1.06, 47.05), (61, 1.43, 57.84), (71, 1.07, 87.59), (100, 1.33, 116.48), (83, 1.41, 158.68)]
[(59, 0.81, 51.55), (9, 1.42, 68.24), (84, 0.67, 71.92), (32, 1.21, 106.20)]
[(89, 0.84, 42.63), (30, 0.69, 55.32), (93, 1.71, 81.49), (14, 1.85, 101.21), (85, 1.82, 106.44)]
[(17, 1.41, 49.68), (98, 0.91, 49.72), (42, 0.78, 51.64), (64, 1.67, 106.50)]
[(94, 1.48, 54.29), (37, 1.21, 65.36), (91, 1.93, 98.57), (62, 1.45, 102.23), (69, 2.01, 184.27)]
[(73, 1.63, 30.00), (43, 0.70, 43.77), (41, 1.34, 64.42), (60, 1.29, 72.66), (87, 1.40, 144.07)]
[(67, 0.84, 72.59), (50, 1.42, 74.64), (65, 1.18, 101.47)]
[(79, 1.47, 57.13), (53, 1.11, 64.28), (56, 1.62, 136.48)]
[(57, 0.69, 39.29), (99, 1.26, 50.84), (25, 1.24, 110.09), (46, 2.18, 163.83)]
[(52, 1.37, 45.18), (62, 1.31, 61.68), (20, 0.85, 81.08), (3, 1.50, 95.16), (79, 1.26, 132.52)]
[(61, 0.87, 61.66), (47, 1.24, 76.27), (19, 1.10, 80.38), (20, 0.75, 90.53), (88, 1.35, 103.05)]
[(95, 1.07, 57.58), (24, 1.06, 58.74), (48, 1.62, 67.07), (54, 1.27, 79.78)]
[(69, 1.26, 70.38)]
[(33, 1.32, 48.64), (58, 1.03, 72.56), (28, 1.56, 73.11)]
[(5, 1.05, 63.02), (85, 0.93, 75.48), (34, 0.92, 81.84), (26, 1.38, 83.30)]
[(19, 2.03, 68.02), (33, 1.14, 68.76), (58, 1.53, 84.61)]
[(54, 1.11, 32.15), (89, 0.87, 44.15), (81, 1.22, 59.86), (53, 1.16, 79.06), (36, 1.30, 79.41), (69, 1.65, 123.70)]
[(51, 1.46, 47.69), (64, 1.62, 55.41), (29, 0.75, 87.27), (81, 0.74, 100.34)]
[(21, 1.43, 73.51), (83, 0.77, 77.28), (88, 0.84, 79.95), (22, 1.96, 141.88), (46, 1.71, 171.04)]
[(18, 0.91, 47.12), (77, 1.15, 62.41), (53, 1.71, 71.78)]
[(36, 0.76, 36.97), (29, 1.11, 55.21), (82, 0.78, 61.62), (46, 1.69, 87.05), (95, 1.73, 94.52), (17, 1.45, 94.65), (90, 1.69, 111.95)]
[(57, 1.18, 59.88), (5, 1.46, 65.42), (43, 0.79, 70.61), (96, 0.64, 72.51), (55, 2.13, 113.86), (28, 1.97, 114.11), (31, 2.04, 145.14)]
[(32, 1.42, 33.35), (87, 1.21, 33.47), (76, 1.26, 97.86), (21, 1.90, 112.06), (25, 1.79, 114.23)]
[(80, 1.57, 47.20), (30, 1.63, 57.94), (22, 0.69, 72.11), (57, 1.22, 74.19), (63, 1.15, 82.33), (24, 0.92, 90.75), (43, 1.23, 100.31), (13, 1.88, 133.53)]
[(31, 1.28, 43.09), (85, 2.21, 154.08)]
[(90, 0.72, 39.32), (71, 0.69, 55.20), (18, 0.79, 77.94), (19, 1.79, 78.45), (29, 1.41, 92.85), (86, 1.65, 144.70)]
[(23, 1.11, 90.03), (45, 1.46, 93.09), (59, 2.21, 93.84), (30, 1.50, 106.55), (83, 2.10, 177.74)]
[(59, 0.61, 30.77), (18, 1.21, 38.91), (9, 0.97, 47.55), (80, 1.06, 91.58), (94, 1.93, 144.21)]
[(85, 0.71, 58.64), (40, 1.13, 69.59)]
[(51, 0.97, 94.30), (64, 1.29, 95.49), (46, 1.22, 96.29), (59, 1.12, 103.47), (22, 1.72, 128.81)]
[(36, 0.69, 44.69), (72, 0.69, 45.67), (97, 1.49, 70.52), (27, 1.26, 83.12), (86, 2.41, 154.94)]
[(10, 0.90, 42.13), (70, 1.45, 50.21), (4, 0.96, 86.70), (68, 2.21, 167.12)]
[(53, 1.41, 50.84), (29, 1.38, 67.24), (61, 2.04, 93.13), (28, 1.04, 100.92), (54, 1.19, 108.98)]
[(80, 1.08, 53.81), (34, 1.48, 68.17), (14, 1.28, 74.76), (24, 1.00, 82.88), (53, 1.36, 109.68)]
[(49, 1.05, 52.79), (20, 1.37, 63.40), (61, 0.99, 64.88), (31, 1.32, 69.60), (55, 2.23, 101.06)]
[(98, 1.08, 80.22), (74, 1.41, 92.22), (75, 2.27, 159.22)]
[(94, 1.43, 30.00), (70, 1.02, 35.75), (67, 2.58, 179.64)]
[(54, 0.76, 42.18), (48, 0.84, 50.89), (24, 0.77, 72.25), (18, 1.79, 92.27), (68, 1.59, 100.02), (23, 0.95, 108.13), (34, 1.91, 108.64), (43, 1.55, 115.45)]
[(71, 1.12, 44.48), (77, 0.74, 60.43), (18, 0.63, 71.33), (80, 0.90, 112.50), (9, 1.38, 112.81), (48, 1.66, 120.23)]
[(3, 1.23, 46.81), (39, 1.40, 93.57), (57, 1.44, 126.78), (4, 1.71, 131.20)]
[(4, 1.08, 99.51), (53, 1.80, 141.76)]
[(22, 1.74, 53.59), (96, 1.21, 53.69), (73, 1.37, 87.28), (59, 1.61, 89.51), (61, 1.31, 113.64), (42, 1.54, 124.51)]
[(16, 1.57, 76.27), (88, 0.63, 76.27), (56, 0.57, 76.83), (1, 1.51, 97.00), (28, 1.41, 112.38), (70, 1.41, 112.97)]
[(6, 0.80, 43.82), (9, 0.76, 45.95), (30, 1.03, 46.58), (84, 1.46, 53.03), (89, 1.12, 55.06), (96, 1.44, 62.84), (16, 1.35, 138.22)]
[(93, 1.43, 42.78), (43, 1.47, 80.62), (57, 1.52, 98.97), (59, 1.58, 99.87)]
[(72, 1.08, 36.32), (82, 0.82, 43.86), (27, 0.59, 44.15), (36, 1.17, 72.46), (46, 1.26, 100.54)]
[(87, 0.71, 59.34), (55, 1.08, 79.49), (97, 0.93, 103.80), (46, 1.15, 148.48)]
[(60, 1.42, 67.96), (73, 1.61, 71.59), (1, 0.71, 79.22), (6, 1.43, 110.58)]
[(50, 0.84, 78.86), (44, 1.95, 113.48), (47, 1.73, 123.56), (6, 1.85, 131.83), (2, 2.16, 141.04)]
